MERGE SORT TRACE

Initial:
324 125 456 218 102 389 275 147

Pass 1 - subarray size 2:
[324] [125] -> [125, 324]
[456] [218] -> [218, 456]
[102] [389] -> [102, 389]
[275] [147] -> [147, 275]

Array:
125 324 218 456 102 389 147 275

Pass 2 - subarray size 4:
[125,324] + [218,456] -> [125,218,324,456]
[102,389] + [147,275] -> [102,147,275,389]

Array:
125 218 324 456 102 147 275 389

Pass 3 - subarray size 8:
[125,218,324,456] + [102,147,275,389]
-> [102,125,147,218,275,324,389,456]

Final:
102 125 147 218 275 324 389 456
